$ 1 0.000005 10.634267539816555 43 2 50 5e-11
172 -240 896 -272 896 0 7 0.7025 0.75 0.5 0 0.5 Base Voltage
w -48 912 -48 960 1
w -48 880 -48 832 1
172 -48 832 -48 800 0 7 2 2 0 0 0.5 Collector Voltage
g -48 960 -48 976 0 0
t -96 896 -48 896 0 1 -1.4283604719794187 0.5716395280205812 100 default
w -160 896 -96 896 1
r -48 752 -48 800 0 470
w -48 720 -48 752 0
w -48 720 -144 720 0
w -48 720 32 720 0
d -48 640 -48 720 2 default
r -48 608 -48 640 0 10000
R -96 544 -128 544 0 0 40 3 0 0 0.5
s 0 368 0 496 0 0 false
w -48 496 0 496 0
w -48 368 0 368 0
r -48 368 -48 496 0 300
w -48 528 -48 496 0
R -48 368 -48 336 0 0 40 5 0 0 0.5
w -48 560 -48 608 1
f -96 544 -48 544 0 1.5 0.02
r -240 896 -160 896 0 33000
x -282 860 -216 863 4 24 output
x 78 686 130 689 4 24 input
x -181 697 -148 700 4 24 out
w -48 800 -48 832 0
